chrom	end	ref	alt	CHIP	DNASE	PWM	FOOTPRINT	EQTL_2	PWM_matched	FOOTPRINT_matched	IC_change	IC_matched_change	funsig	ChIP_var	ChIP_max	ChIP_quantile1	ChIP_quantile2	ChIP_quantile3	H3K27ac_tissueSp	H3K36me3_tissueSp	H3K4me1_tissueSp	H3K4me3_tissueSp	H3K27me3_tissueSp	DNASE_tissueSp	FOOTPRINT_tissueSp
chr10	10107267	A	G	0	0	1	0	0	0	0	1.99	0.0	0.022459	0.059	1.86	0.1466	0.2203	0.4275	0	0	0	0	0	0	0
chr10	101365302	G	A	1	1	0	0	0	0	0	0.0	0.0	0.15894	17.3444	65.24	0.1375	0.233	0.4826	0	0	0	0	0	0	0
chr10	101844785	A	G	1	1	0	0	0	0	0	0.0	0.0	0.0045485	47.4364	115.26	0.1359	0.3016	0.7071	0	0	0	0	0	0	0
chr10	102027407	C	T	1	1	1	1	0	0	0	0.0	0.0	0.0017052	732.4732	267.98	0.4851	2.1454	8.0536	1	0	0	1	0	1	1
chr10	102084897	C	T	1	1	0	0	0	0	0	0.0	0.0	0.19105	1.7908	20.92	0.0968	0.1992	0.3796	0	0	0	0	0	0	0
chr10	102144934	A	G	0	1	0	0	0	0	0	0.0	0.0	0.015656	0.2615	5.4	0.1345	0.2406	0.4588	0	0	0	0	0	0	0
chr10	102321900	C	G	1	1	0	1	0	0	0	0.0	0.0	0.0081351	9708.3691	634.02	0.8852	3.2459	17.785999999999994	0	0	0	0	0	1	0
chr10	102772840	T	C	1	1	1	1	1	0	0	1.47	0.0	0.0017187	4450.0605	492.81	0.2468	1.3714	8.4865	0	0	0	0	0	1	0
chr10	1034063	C	G	1	1	1	0	0	0	0	1.63	0.0	0.10455	41.5742	89.19	0.1488	0.515	1.2786	1	0	0	1	0	0	0
