chrom	start	end	ref	alt	TURF_generic	TURF_organSp_adipose_tissue	TURF_organSp_adrenal_gland	TURF_organSp_arterial_blood_vessel	TURF_organSp_blood	TURF_organSp_blood_vessel	TURF_organSp_bone_element	TURF_organSp_bone_marrow	TURF_organSp_brain	TURF_organSp_breast	TURF_organSp_colon	TURF_organSp_connective_tissue	TURF_organSp_ear	TURF_organSp_embryo	TURF_organSp_endocrine_gland	TURF_organSp_epithelium	TURF_organSp_esophagus	TURF_organSp_exocrine_gland	TURF_organSp_extraembryonic_component	TURF_organSp_eye	TURF_organSp_gonad	TURF_organSp_heart	TURF_organSp_immune_organ	TURF_organSp_intestine	TURF_organSp_kidney	TURF_organSp_large_intestine	TURF_organSp_limb	TURF_organSp_liver	TURF_organSp_lung	TURF_organSp_lymph_node	TURF_organSp_lymphoid_tissue	TURF_organSp_mammary_gland	TURF_organSp_mouth	TURF_organSp_musculature_of_body	TURF_organSp_nerve	TURF_organSp_ovary	TURF_organSp_pancreas	TURF_organSp_penis	TURF_organSp_placenta	TURF_organSp_prostate_gland	TURF_organSp_skin_of_body	TURF_organSp_skin_of_prepuce_of_penis	TURF_organSp_small_intestine	TURF_organSp_spinal_cord	TURF_organSp_spleen	TURF_organSp_stomach	TURF_organSp_testis	TURF_organSp_thymus	TURF_organSp_thyroid_gland	TURF_organSp_uterus	TURF_organSp_vagina	TURF_organSp_vasculature
chr10	10000017	10000018	A	G	0.18	0.0532	0.0532	0.0532	0.0532	0.0532	0.0532	0.0532	0.0532	0.0532	0.0532	0.0532	0.0532	0.1245	0.0532	0.0532	0.0532	0.0532	0.0532	0.0532	0.0532	0.0532	0.0532	0.0532	0.0532	0.0532	0.0532	0.0532	0.0532	0.0532	0.0532	0.0532	0.0532	0.0532	0.0532	0.0532	0.0532	0.0532	0.0532	0.0532	0.0532	0.0532	0.0532	0.0532	0.0532	0.0532	0.0532	0.0532	0.0532	0.0532	0.0532	0.0532
chr10	100000624	100000625	A	G	0.61	0.1612	0.1803	0.1803	0.1612	0.1803	0.1803	0.1803	0.1612	0.1612	0.1803	0.1612	0.1803	0.1612	0.1803	0.1612	0.1612	0.1612	0.1803	0.1803	0.1803	0.1612	0.1612	0.1612	0.1803	0.1803	0.1803	0.1803	0.1612	0.1803	0.1612	0.1612	0.1803	0.1612	0.1803	0.1803	0.1803	0.1612	0.1803	0.1803	0.1803	0.1803	0.1803	0.1803	0.1612	0.1612	0.1803	0.1803	0.1803	0.1803	0.1803	0.1803
chr10	100004905	100004906	C	A	0.42	0.111	0.111	0.1103	0.111	0.1103	0.111	0.111	0.111	0.1538	0.1378	0.2198	0.111	0.111	0.1378	0.1378	0.1378	0.1103	0.2198	0.111	0.111	0.111	0.111	0.1378	0.111	0.1378	0.1378	0.111	0.111	0.111	0.111	0.1103	0.1242	0.1378	0.111	0.1242	0.111	0.2489	0.2198	0.111	0.2198	0.111	0.1103	0.111	0.111	0.1378	0.111	0.111	0.1956	0.1242	0.111	0.1103
chr10	10000513	10000514	T	C	0.32	0.0946	0.0946	0.0946	0.0946	0.0946	0.0946	0.0946	0.0946	0.0946	0.0946	0.0946	0.0946	0.0946	0.0946	0.0946	0.0946	0.0946	0.0946	0.0946	0.0946	0.0946	0.0946	0.0946	0.0946	0.0946	0.0946	0.0946	0.0946	0.0946	0.0946	0.0946	0.0946	0.0946	0.0946	0.0946	0.0946	0.0946	0.0946	0.0946	0.0946	0.0946	0.0946	0.0946	0.0946	0.0946	0.0946	0.0946	0.0946	0.0946	0.0946	0.0946
chr10	100005281	100005282	C	T	0.61	0.1612	0.1612	0.1612	0.1612	0.1612	0.1612	0.1612	0.1602	0.2233	0.2002	0.1612	0.1612	0.1612	0.3615	0.2002	0.2002	0.1602	0.3193	0.1612	0.1612	0.1612	0.1612	0.2002	0.1612	0.2002	0.2002	0.1612	0.1602	0.1612	0.1612	0.1602	0.1803	0.2002	0.1612	0.1803	0.1803	0.1602	0.3193	0.1803	0.1612	0.1803	0.1602	0.1612	0.1612	0.2002	0.1612	0.1612	0.4884	0.1803	0.1612	0.1612
chr10	100010185	100010186	A	G	0.51	0.267	0.1347	0.267	0.1347	0.267	0.1508	0.1508	0.134	0.1347	0.267	0.267	0.2291	0.1347	0.2771	0.134	0.1347	0.2771	0.1347	0.2291	0.1347	0.1347	0.1347	0.267	0.1347	0.267	0.267	0.3771	0.1347	0.1347	0.267	0.1347	0.1508	0.267	0.267	0.1508	0.3528	0.3098	0.1347	0.1508	0.267	0.1508	0.1347	0.2291	0.1347	0.1347	0.1347	0.1347	0.3528	0.1508	0.3528	0.267
chr10	100010577	100010578	A	T	0.09	0.0238	0.0238	0.0238	0.0471	0.0238	0.0266	0.0266	0.0238	0.0238	0.0238	0.0238	0.0266	0.0238	0.0238	0.0238	0.0178	0.0238	0.0238	0.0266	0.0238	0.0238	0.0238	0.0238	0.0238	0.0238	0.0238	0.0266	0.0238	0.0266	0.0238	0.0238	0.0266	0.0178	0.0238	0.0266	0.0266	0.0236	0.0238	0.0266	0.0238	0.0266	0.0238	0.0266	0.0238	0.0471	0.0238	0.0238	0.0266	0.0266	0.0238	0.0238
chr10	100011076	100011077	T	A	0.16	0.0423	0.0423	0.0423	0.0423	0.0423	0.0423	0.0423	0.0473	0.0423	0.0423	0.0423	0.0473	0.0423	0.0423	0.042	0.0423	0.0423	0.0423	0.0473	0.0423	0.0838	0.0423	0.0423	0.0423	0.0423	0.0423	0.0473	0.0423	0.0473	0.0473	0.0423	0.0473	0.0423	0.0423	0.0473	0.0473	0.042	0.0473	0.0473	0.042	0.0473	0.0423	0.0473	0.0423	0.0423	0.0423	0.0473	0.0473	0.0473	0.0423	0.0423
chr10	10001207	10001208	T	C	0.0	0.0	0.0	0.0	0.0	0.0	0.0	0.0	0.0	0.0	0.0	0.0	0.0	0.0	0.0	0.0	0.0	0.0	0.0	0.0	0.0	0.0	0.0	0.0	0.0	0.0	0.0	0.0	0.0	0.0	0.0	0.0	0.0	0.0	0.0	0.0	0.0	0.0	0.0	0.0	0.0	0.0	0.0	0.0	0.0	0.0	0.0	0.0	0.0	0.0	0.0	0.0
chr10	100013814	100013815	C	T	0.25	0.0739	0.0739	0.0739	0.1164	0.0739	0.1123	0.0739	0.1123	0.126	0.066	0.066	0.1123	0.0739	0.1164	0.2001	0.0739	0.1123	0.0739	0.1123	0.0739	0.0739	0.0739	0.066	0.0739	0.066	0.066	0.0739	0.0739	0.0739	0.0739	0.1123	0.0739	0.0739	0.0739	0.0739	0.126	0.066	0.0739	0.2001	0.0657	0.0739	0.0739	0.1123	0.0739	0.0739	0.0739	0.0739	0.1164	0.1729	0.0739	0.0739
